1.623528671264648438e+01 -2.504628300666809082e-01
1.680807685852050781e+01 7.768214344978332520e-01
1.678765296936035156e+01 2.411682367324829102e+00
1.580894947052001953e+01 2.387020587921142578e-01
1.587657642364501953e+01 2.970077842473983765e-02
1.611957740783691406e+01 -6.401033699512481689e-02
1.638798522949218750e+01 5.140380263328552246e-01
1.599623966217041016e+01 -3.841952979564666748e-01
1.601442909240722656e+01 2.447801589965820312e+00
1.688395500183105469e+01 1.271681547164916992e+00
1.617152976989746094e+01 1.500986516475677490e-01
1.617001914978027344e+01 8.481708914041519165e-02
1.642856025695800781e+01 8.630402386188507080e-02
1.633537101745605469e+01 2.328285723924636841e-01
1.637329292297363281e+01 3.745413720607757568e-01
1.521441268920898438e+01 2.223504185676574707e-01
1.600642776489257812e+01 6.847032308578491211e-01
1.535513401031494141e+01 2.753718137741088867e+00
1.521775722503662109e+01 2.645910501480102539e+00
1.471020603179931641e+01 2.632721900939941406e+00
1.403578090667724609e+01 3.271178483963012695e+00
1.611079978942871094e+01 2.152100205421447754e-01
1.588802433013916016e+01 2.541962862014770508e+00
1.661075401306152344e+01 4.287427961826324463e-01
1.657409858703613281e+01 5.851716399192810059e-01
1.638928413391113281e+01 4.185745120048522949e-01
1.247691249847412109e+01 3.775400876998901367e+00
1.618532752990722656e+01 5.620139651000499725e-03
1.599076938629150391e+01 5.355346947908401489e-02
1.682082176208496094e+01 3.399036169052124023e+00
1.579808616638183594e+01 5.545379966497421265e-02
1.664845657348632812e+01 3.129181385040283203e+00
1.201951694488525391e+01 4.865099430084228516e+00
1.547736740112304688e+01 6.009560823440551758e-01
1.647006607055664062e+01 2.310556769371032715e-01
1.672740173339843750e+01 5.986731648445129395e-01
1.704294013977050781e+01 2.357361078262329102e+00
1.610659599304199219e+01 4.353821575641632080e-01
1.238509273529052734e+01 1.754934668540954590e+00
1.554343795776367188e+01 1.645692139863967896e-01
1.655165672302246094e+01 1.260656237602233887e+00
1.462314414978027344e+01 2.651425123214721680e+00
1.389799880981445312e+01 4.125058174133300781e+00
1.672628211975097656e+01 5.201671123504638672e-01
1.640492820739746094e+01 1.310804009437561035e+00
1.623201179504394531e+01 2.301978766918182373e-01
1.601966094970703125e+01 2.474898338317871094e+00
1.104582977294921875e+01 4.649106979370117188e+00
1.701723289489746094e+01 2.024628162384033203e+00
1.398537921905517578e+01 5.738225460052490234e+00
1.454622459411621094e+01 1.521645188331604004e+00
1.675728607177734375e+01 9.141220450401306152e-01
1.643379020690917969e+01 -5.977229773998260498e-02
1.684086036682128906e+01 2.802605390548706055e+00
1.698889160156250000e+01 2.424199342727661133e+00
1.509476375579833984e+01 2.604216575622558594e+00
1.667085456848144531e+01 1.112567782402038574e+00
1.689677047729492188e+01 2.073016405105590820e+00
1.526350498199462891e+01 5.122655868530273438e+00
1.544157409667968750e+01 1.055275648832321167e-01
1.560737228393554688e+01 1.339776396751403809e+00
1.715723419189453125e+01 3.693188905715942383e+00
1.638489341735839844e+01 1.068871736526489258e+00
1.314789772033691406e+01 4.427937984466552734e+00
1.663472938537597656e+01 2.566927373409271240e-01
1.633962249755859375e+01 8.203588128089904785e-01
1.639313125610351562e+01 2.830378115177154541e-01
1.641718482971191406e+01 -4.451202601194381714e-02
1.392663574218750000e+01 3.446017742156982422e+00
1.623005104064941406e+01 -7.675796002149581909e-02
1.218943500518798828e+01 3.634309291839599609e+00
1.681215286254882812e+01 1.170848727226257324e+00
1.722859001159667969e+01 2.677212953567504883e+00
1.538088321685791016e+01 2.567809224128723145e-01
1.721564292907714844e+01 2.631256580352783203e+00
1.663450622558593750e+01 3.596631765365600586e+00
1.637900924682617188e+01 1.351790547370910645e+00
1.584581756591796875e+01 1.245844960212707520e+00
1.642096328735351562e+01 -2.983432961627840996e-03
1.424533939361572266e+01 4.459211349487304688e+00
1.730818176269531250e+01 3.532674551010131836e+00
1.272059917449951172e+01 2.809253692626953125e+00
1.662889862060546875e+01 2.419589757919311523e+00
1.444811439514160156e+01 2.911168813705444336e+00
1.635144424438476562e+01 2.461190223693847656e+00
1.645344352722167969e+01 -1.580491065979003906e-01
1.639000511169433594e+01 1.570879071950912476e-01
1.564821338653564453e+01 2.107085436582565308e-01
1.718996238708496094e+01 3.666244745254516602e+00
1.580838966369628906e+01 2.964931353926658630e-02
1.576721000671386719e+01 2.566660642623901367e+00
1.609064483642578125e+01 4.149065971374511719e+00
1.280313110351562500e+01 3.758078336715698242e+00
1.649132156372070312e+01 3.329026460647583008e+00
1.635359001159667969e+01 -9.028755873441696167e-02
1.613347053527832031e+01 3.164067268371582031e+00
1.605650138854980469e+01 1.970082819461822510e-01
1.554328823089599609e+01 8.208951950073242188e-01
1.604626464843750000e+01 1.501526355743408203e+00
1.468771362304687500e+01 1.362360358238220215e+00
1.230041408538818359e+01 1.822031259536743164e+00
1.633162117004394531e+01 1.711459308862686157e-01
1.699502372741699219e+01 2.731516122817993164e+00
1.702552986145019531e+01 2.463808774948120117e+00
1.620851516723632812e+01 6.856191158294677734e-01
1.573788738250732422e+01 5.000083446502685547e-01
1.366482830047607422e+01 2.524039506912231445e+00
1.484750747680664062e+01 3.504760742187500000e+00
1.303280162811279297e+01 3.968929767608642578e+00
1.595584201812744141e+01 2.486095428466796875e+00
1.602271652221679688e+01 -1.920764893293380737e-01
1.639739418029785156e+01 3.557121515274047852e+00
1.193807125091552734e+01 5.580642700195312500e+00
1.675615692138671875e+01 1.138262271881103516e+00
1.380150508880615234e+01 4.895980834960937500e+00
1.587391567230224609e+01 3.593785166740417480e-01
1.698945236206054688e+01 1.886889219284057617e+00
1.596855831146240234e+01 2.550325691699981689e-01
1.646822738647460938e+01 2.743618749082088470e-02
1.599261093139648438e+01 -1.201799139380455017e-01
1.713055801391601562e+01 3.785610198974609375e+00
1.392339515686035156e+01 4.026728153228759766e+00
1.657625579833984375e+01 1.310887694358825684e+00
1.557121753692626953e+01 6.688287854194641113e-01
1.528680324554443359e+01 2.728439569473266602e+00
1.210743427276611328e+01 2.226794719696044922e+00
1.592821025848388672e+01 1.071862652897834778e-01
1.674348258972167969e+01 1.500505685806274414e+00
1.618270683288574219e+01 2.602836303412914276e-02
1.138900089263916016e+01 4.431529998779296875e+00
1.505720233917236328e+01 4.946835041046142578e+00
1.575993919372558594e+01 2.979548692703247070e+00
1.684903907775878906e+01 3.598706483840942383e+00
1.548210430145263672e+01 6.098641753196716309e-01
1.643737411499023438e+01 -4.256511479616165161e-02
1.304172897338867188e+01 3.176233291625976562e+00
1.515172481536865234e+01 4.631639003753662109e+00
1.580106163024902344e+01 5.129553079605102539e-01
1.550201034545898438e+01 3.571149826049804688e+00
1.589121055603027344e+01 1.165217280387878418e+00
1.496258831024169922e+01 4.308121681213378906e+00
1.203055763244628906e+01 3.309794425964355469e+00
1.447414684295654297e+01 5.207727909088134766e+00
1.643449401855468750e+01 5.585856363177299500e-02
1.361937904357910156e+01 5.232210159301757812e+00
1.547585487365722656e+01 6.515131145715713501e-02
1.193929004669189453e+01 2.586212635040283203e+00
1.663293647766113281e+01 2.669719219207763672e+00
1.247451496124267578e+01 2.541209697723388672e+00
1.232165050506591797e+01 4.593856811523437500e+00
1.231345653533935547e+01 4.955393791198730469e+00
1.591228485107421875e+01 2.470204114913940430e+00
1.668337631225585938e+01 3.271693706512451172e+00
1.623838615417480469e+01 3.262761354446411133e+00
1.699735069274902344e+01 3.001556396484375000e+00
1.701839828491210938e+01 2.234649181365966797e+00
1.598896217346191406e+01 5.043325424194335938e-01
1.540864276885986328e+01 2.666374921798706055e+00
1.558304023742675781e+01 2.761676788330078125e+00
1.639489936828613281e+01 9.652372598648071289e-01
1.441695308685302734e+01 3.211374044418334961e+00
1.595300865173339844e+01 -5.688141658902168274e-02
1.236959934234619141e+01 3.166941165924072266e+00
1.147975349426269531e+01 5.755174636840820312e+00
1.718115425109863281e+01 2.783802032470703125e+00
1.606583595275878906e+01 1.741167783737182617e+00
1.460932636260986328e+01 1.344252943992614746e+00
1.708396530151367188e+01 3.400332450866699219e+00
1.280189132690429688e+01 2.465575695037841797e+00
1.298733329772949219e+01 5.179776191711425781e+00
1.622369766235351562e+01 4.805528372526168823e-02
1.597814750671386719e+01 5.530375242233276367e-01
1.479191207885742188e+01 4.880411148071289062e+00
1.652371978759765625e+01 2.538236141204833984e+00
1.703454780578613281e+01 3.226591825485229492e+00
1.282581806182861328e+01 3.732033491134643555e+00
1.704970741271972656e+01 2.186253547668457031e+00
1.626959037780761719e+01 1.361078143119812012e+00
1.676750946044921875e+01 1.583513617515563965e+00
1.161822319030761719e+01 2.754112005233764648e+00
1.550364112854003906e+01 8.440052270889282227e-01
1.564186573028564453e+01 3.967670679092407227e+00
1.159124851226806641e+01 2.796354055404663086e+00
1.278495979309082031e+01 3.949795007705688477e+00
1.410849857330322266e+01 3.245014190673828125e+00
1.607071113586425781e+01 4.032329469919204712e-02
1.228128433227539062e+01 1.824649453163146973e+00
1.270450496673583984e+01 6.352952480316162109e+00
1.563673305511474609e+01 4.391348361968994141e+00
1.636297798156738281e+01 -6.005328521132469177e-02
1.589532947540283203e+01 2.601785957813262939e-01
1.148297500610351562e+01 4.481625556945800781e+00
1.695098304748535156e+01 3.157268762588500977e+00
1.646868705749511719e+01 3.622285425662994385e-01
1.590583705902099609e+01 2.431796312332153320e+00
1.645117187500000000e+01 4.038693010807037354e-01
1.244845771789550781e+01 4.354426383972167969e+00
1.277473068237304688e+01 2.258211612701416016e+00
1.613996124267578125e+01 -3.608822450041770935e-02
1.214107513427734375e+01 2.792469978332519531e+00
1.665995407104492188e+01 1.086089611053466797e+00
1.210856723785400391e+01 5.241035938262939453e+00
1.708607482910156250e+01 2.882669448852539062e+00
1.365494823455810547e+01 3.172763109207153320e+00
1.380266475677490234e+01 4.919741630554199219e+00
1.708493614196777344e+01 2.824147939682006836e+00
1.217805480957031250e+01 4.716426372528076172e+00
1.662213134765625000e+01 3.294809818267822266e+00
1.391087913513183594e+01 5.673170089721679688e+00
1.556596469879150391e+01 7.155025005340576172e-01
1.115998458862304688e+01 4.627282619476318359e+00
1.674355316162109375e+01 1.833935022354125977e+00
1.622665405273437500e+01 2.257073968648910522e-01
1.441793155670166016e+01 1.842162609100341797e+00
1.709143829345703125e+01 3.324338197708129883e+00
1.539280700683593750e+01 2.059422731399536133e-01
1.351036071777343750e+01 3.279389142990112305e+00
1.579690837860107422e+01 4.479544162750244141e-01
1.590975666046142578e+01 4.295558854937553406e-02
1.550458526611328125e+01 7.902579903602600098e-01
1.357393550872802734e+01 3.855319976806640625e+00
1.240574645996093750e+01 1.870566964149475098e+00
1.308449649810791016e+01 3.637328386306762695e+00
1.632281303405761719e+01 3.179655075073242188e-01
1.584786605834960938e+01 3.351486444473266602e+00
1.179615879058837891e+01 5.731504440307617188e+00
1.596071052551269531e+01 2.974403381347656250e+00
1.588387489318847656e+01 3.255244493484497070e+00
1.369558238983154297e+01 4.519358634948730469e+00
1.417215538024902344e+01 2.934703588485717773e+00
1.607485198974609375e+01 -1.648898124694824219e-01
1.626469802856445312e+01 1.217938661575317383e+00
1.650961494445800781e+01 8.870319128036499023e-01
1.455075263977050781e+01 5.302271366119384766e+00
1.642021751403808594e+01 2.202421665191650391e+00
1.597547149658203125e+01 2.308613538742065430e+00
1.511372756958007812e+01 5.125132083892822266e+00
1.617818069458007812e+01 1.783727765083312988e+00
1.272376823425292969e+01 4.108382701873779297e+00
1.210008144378662109e+01 4.292273044586181641e+00
1.662235832214355469e+01 3.288121938705444336e+00
1.210708713531494141e+01 3.118757486343383789e+00
1.689330482482910156e+01 1.662233471870422363e+00
1.450250148773193359e+01 4.891131401062011719e+00
1.713880729675292969e+01 3.304012060165405273e+00
1.652091217041015625e+01 2.709381103515625000e+00
1.705682754516601562e+01 2.789299488067626953e+00
1.661653709411621094e+01 1.312973022460937500e+00
1.199305725097656250e+01 2.302012920379638672e+00
1.630938911437988281e+01 3.230728626251220703e+00
1.148736953735351562e+01 5.228850364685058594e+00
1.648011207580566406e+01 3.254784345626831055e+00
1.421374320983886719e+01 4.373250961303710938e+00
1.274448490142822266e+01 5.160790920257568359e+00
1.355991268157958984e+01 4.714715003967285156e+00
1.632180404663085938e+01 -8.510614931583404541e-02
1.539726734161376953e+01 2.007720172405242920e-01
1.388706684112548828e+01 4.593300342559814453e+00
1.702489662170410156e+01 3.686850309371948242e+00
1.665943717956542969e+01 1.415394663810729980e+00
1.602549934387207031e+01 4.206506252288818359e+00
1.505648136138916016e+01 2.636571645736694336e+00
1.197723770141601562e+01 4.979897022247314453e+00
1.622668266296386719e+01 2.985534191131591797e+00
1.478057765960693359e+01 2.711398601531982422e+00
1.341742992401123047e+01 3.082810401916503906e+00
1.506280136108398438e+01 1.543693423271179199e+00
1.620614051818847656e+01 1.744072437286376953e+00
1.228267669677734375e+01 4.232831001281738281e+00
1.320236301422119141e+01 4.702245235443115234e+00
1.210587692260742188e+01 3.914738655090332031e+00
1.591772937774658203e+01 2.484379768371582031e+00
1.521738529205322266e+01 1.471508741378784180e-01
1.723822402954101562e+01 3.498236417770385742e+00
1.281844139099121094e+01 3.750290632247924805e+00
1.338087940216064453e+01 5.844462871551513672e+00
1.342553138732910156e+01 5.087065219879150391e+00
1.605449485778808594e+01 2.953630983829498291e-01
1.369977855682373047e+01 4.187576293945312500e+00
1.732417106628417969e+01 3.091324806213378906e+00
1.140618896484375000e+01 5.178058624267578125e+00
1.487493801116943359e+01 1.499676823616027832e+00
1.608145904541015625e+01 -1.690876483917236328e-01
1.632433891296386719e+01 2.298236370086669922e+00
1.604598045349121094e+01 2.478004217147827148e+00
1.634739303588867188e+01 -2.760332226753234863e-01
1.521414470672607422e+01 2.826378583908081055e+00
1.638167953491210938e+01 2.234769582748413086e+00
1.195253181457519531e+01 2.621123313903808594e+00
1.352345561981201172e+01 3.644055128097534180e+00
1.264594650268554688e+01 3.873868703842163086e+00
1.467665386199951172e+01 3.275480270385742188e+00
1.651742935180664062e+01 7.146126031875610352e-01
1.235865592956542969e+01 4.067469120025634766e+00
1.308918952941894531e+01 5.920825958251953125e+00
1.306203937530517578e+01 3.287935018539428711e+00
1.393955326080322266e+01 4.414513587951660156e+00
1.679541015625000000e+01 1.467367410659790039e+00
1.698949241638183594e+01 2.234889030456542969e+00
1.652520751953125000e+01 3.143417596817016602e+00
1.660031890869140625e+01 2.309944152832031250e+00
1.497680950164794922e+01 2.982692956924438477e+00
1.608027267456054688e+01 1.757589340209960938e+00
1.264235782623291016e+01 3.519489526748657227e+00
1.259875774383544922e+01 3.044609546661376953e+00
1.126653861999511719e+01 5.144988536834716797e+00
1.555077838897705078e+01 3.071213364601135254e-01
1.252880668640136719e+01 1.722476959228515625e+00
1.643060302734375000e+01 3.048422336578369141e+00
1.141781711578369141e+01 4.472226142883300781e+00
1.353928947448730469e+01 3.346147537231445312e+00
1.634232711791992188e+01 2.031985297799110413e-02
1.421584892272949219e+01 4.816775798797607422e+00
1.712613296508789062e+01 2.500038623809814453e+00
1.337490749359130859e+01 2.819757461547851562e+00
1.673225975036621094e+01 1.387911200523376465e+00
1.605672264099121094e+01 -1.750941723585128784e-01
1.605675315856933594e+01 3.351351499557495117e+00
1.539672279357910156e+01 3.739155292510986328e+00
1.499080753326416016e+01 5.180047512054443359e+00
1.468845653533935547e+01 2.658660888671875000e+00
1.625262069702148438e+01 2.427718162536621094e+00
1.585158157348632812e+01 3.907529354095458984e+00
1.684037208557128906e+01 3.080165147781372070e+00
1.228195285797119141e+01 2.711205720901489258e+00
1.464068412780761719e+01 4.813665390014648438e+00
1.293377971649169922e+01 4.410674571990966797e+00
1.149585151672363281e+01 3.328107595443725586e+00
1.335156536102294922e+01 4.830631732940673828e+00
1.705841636657714844e+01 2.470124721527099609e+00
1.112936878204345703e+01 5.247553348541259766e+00
1.361084747314453125e+01 4.577432155609130859e+00
1.451530838012695312e+01 1.459632635116577148e+00
1.700556755065917969e+01 3.693489313125610352e+00
1.152276039123535156e+01 4.219059944152832031e+00
1.686840438842773438e+01 2.805379390716552734e+00
1.464197731018066406e+01 1.380075335502624512e+00
1.287102508544921875e+01 5.708859920501708984e+00
1.376709079742431641e+01 3.443105697631835938e+00
1.727833747863769531e+01 3.546296119689941406e+00
1.696484375000000000e+01 2.906373262405395508e+00
1.632528495788574219e+01 1.882264494895935059e+00
1.201577472686767578e+01 2.698536634445190430e+00
1.649259948730468750e+01 5.509998798370361328e-01
1.271994209289550781e+01 4.790615558624267578e+00
1.223566913604736328e+01 4.394317626953125000e+00
1.512274456024169922e+01 3.567952632904052734e+00
1.562969303131103516e+01 6.373131275177001953e-01
1.415340042114257812e+01 1.782840609550476074e+00
1.235029315948486328e+01 4.787684917449951172e+00
1.689823341369628906e+01 2.194828510284423828e+00
1.699499511718750000e+01 2.173969030380249023e+00
1.409233570098876953e+01 3.383327484130859375e+00
1.629080772399902344e+01 3.115703344345092773e+00
1.327598857879638672e+01 4.375308036804199219e+00
1.235214042663574219e+01 5.521080493927001953e+00
1.146003913879394531e+01 4.995329856872558594e+00
1.199010944366455078e+01 6.084093570709228516e+00
1.296502590179443359e+01 5.649215221405029297e+00
1.493742942810058594e+01 1.313876032829284668e+00
1.609280014038085938e+01 2.423659324645996094e+00
1.191288375854492188e+01 4.994080543518066406e+00
1.640939521789550781e+01 2.397605180740356445e+00
1.392036342620849609e+01 5.699352264404296875e+00
1.214305591583251953e+01 4.472008705139160156e+00
1.543255329132080078e+01 2.618055820465087891e+00
1.288392448425292969e+01 4.689070224761962891e+00
1.573863887786865234e+01 1.121840178966522217e-01
1.572570896148681641e+01 2.040988206863403320e+00
1.502331066131591797e+01 1.688669204711914062e+00
1.572636032104492188e+01 2.231473773717880249e-01
1.576101207733154297e+01 7.877819985151290894e-02
1.602668380737304688e+01 -1.421032845973968506e-01
1.359086132049560547e+01 3.698155164718627930e+00
1.268897438049316406e+01 5.969519615173339844e+00
1.610669326782226562e+01 4.010457515716552734e+00
1.556795883178710938e+01 1.252949595451354980e+00
1.469530582427978516e+01 4.967442989349365234e+00
1.159684753417968750e+01 5.378500461578369141e+00
1.328262901306152344e+01 3.996062040328979492e+00
1.204353237152099609e+01 5.641237258911132812e+00
1.158696556091308594e+01 2.675548791885375977e+00
1.238762569427490234e+01 4.406692981719970703e+00
1.377706050872802734e+01 5.589160442352294922e+00
1.459727668762207031e+01 4.593988418579101562e+00
1.141191101074218750e+01 3.314516067504882812e+00
1.552396106719970703e+01 2.768056869506835938e+00
1.240587234497070312e+01 2.660202741622924805e+00
1.641153717041015625e+01 2.442359209060668945e+00
1.719028472900390625e+01 3.440595388412475586e+00
1.696134185791015625e+01 2.706459999084472656e+00
1.269448471069335938e+01 5.289992809295654297e+00
1.570987224578857422e+01 1.097978472709655762e+00
1.521267127990722656e+01 6.298845410346984863e-01
1.312673664093017578e+01 4.146283149719238281e+00
1.501889419555664062e+01 4.488830566406250000e+00
1.710314559936523438e+01 2.582291364669799805e+00
1.562784290313720703e+01 4.603852748870849609e+00
1.371245288848876953e+01 4.897449016571044922e+00
1.144419765472412109e+01 5.350702285766601562e+00
1.620668792724609375e+01 2.392599105834960938e+00
1.344336605072021484e+01 4.929699897766113281e+00
1.318551445007324219e+01 4.623984336853027344e+00
1.664743041992187500e+01 2.147513628005981445e+00
1.249336528778076172e+01 5.228218078613281250e+00
1.464367103576660156e+01 5.260616302490234375e+00
1.352487468719482422e+01 4.843163967132568359e+00
1.536413669586181641e+01 5.050856113433837891e+00
1.424477672576904297e+01 3.001600742340087891e+00
1.666651535034179688e+01 2.741153955459594727e+00
1.536328601837158203e+01 6.600907444953918457e-01
1.155775737762451172e+01 5.275701045989990234e+00
1.225181198120117188e+01 4.098802566528320312e+00
1.519668865203857422e+01 2.927241802215576172e+00
1.668594741821289062e+01 1.307553648948669434e+00
1.150531959533691406e+01 4.546972751617431641e+00
1.624412155151367188e+01 -1.241826564073562622e-01
1.591440582275390625e+01 3.297823429107666016e+00
1.581615066528320312e+01 1.451359033584594727e+00
1.270791625976562500e+01 5.868585109710693359e+00
1.464888858795166016e+01 4.710999965667724609e+00
1.682917976379394531e+01 2.628817081451416016e+00
1.233148860931396484e+01 3.334263086318969727e+00
1.695428466796875000e+01 3.439343929290771484e+00
1.342640686035156250e+01 5.322688579559326172e+00
1.398259830474853516e+01 5.909705162048339844e+00
1.290977191925048828e+01 3.895823955535888672e+00
1.268109703063964844e+01 3.085840463638305664e+00
1.538240337371826172e+01 2.678637027740478516e+00
1.471597480773925781e+01 5.382530212402343750e+00
1.158342933654785156e+01 5.234466552734375000e+00
1.700850296020507812e+01 2.736915588378906250e+00
1.395422458648681641e+01 1.880151987075805664e+00
1.580000400543212891e+01 2.926469564437866211e+00
1.446449279785156250e+01 1.566786170005798340e+00
1.140562534332275391e+01 5.147031784057617188e+00
1.472165584564208984e+01 2.776781082153320312e+00
1.424492740631103516e+01 4.489461898803710938e+00
1.491646289825439453e+01 5.095218181610107422e+00
1.368665695190429688e+01 4.913147926330566406e+00
1.420070552825927734e+01 3.079047441482543945e+00
1.556072521209716797e+01 1.769474387168884277e+00
1.540185165405273438e+01 3.474210500717163086e+00
1.508953285217285156e+01 3.610307931900024414e+00
1.156356620788574219e+01 4.711112976074218750e+00
1.571728134155273438e+01 4.120480060577392578e+00
1.260795783996582031e+01 6.156624794006347656e+00
1.510638523101806641e+01 4.504840373992919922e+00
1.705280303955078125e+01 2.378912925720214844e+00
1.713197326660156250e+01 2.639642953872680664e+00
1.352200984954833984e+01 4.050420284271240234e+00
1.707025146484375000e+01 3.655537128448486328e+00
1.376412487030029297e+01 5.404384613037109375e+00
1.272229766845703125e+01 3.116871356964111328e+00
1.495186424255371094e+01 3.021550178527832031e+00
1.350184917449951172e+01 2.842491865158081055e+00
1.418866729736328125e+01 1.899706840515136719e+00
1.429552364349365234e+01 5.509691715240478516e+00
1.426067066192626953e+01 5.261875629425048828e+00
1.355478668212890625e+01 5.287369251251220703e+00
1.361174488067626953e+01 4.443246841430664062e+00
1.171611499786376953e+01 5.176962852478027344e+00
1.572199440002441406e+01 2.922221660614013672e+00
1.303357982635498047e+01 3.897354841232299805e+00
1.720826530456542969e+01 3.493840456008911133e+00
1.400539493560791016e+01 5.687022209167480469e+00
1.440360832214355469e+01 3.265210628509521484e+00
1.654585838317871094e+01 2.948959350585937500e+00
1.195904827117919922e+01 4.690183162689208984e+00
1.684066581726074219e+01 2.711983442306518555e+00
1.292714691162109375e+01 3.890490293502807617e+00
1.213521671295166016e+01 4.039890766143798828e+00
1.461067771911621094e+01 1.933420419692993164e+00
1.449496078491210938e+01 3.335472345352172852e+00
1.126106548309326172e+01 4.862874984741210938e+00
1.300575160980224609e+01 6.133537292480468750e+00
1.479668903350830078e+01 3.580533027648925781e+00
1.190171909332275391e+01 5.401880741119384766e+00
1.286406135559082031e+01 6.438007354736328125e+00
1.531914997100830078e+01 2.294656991958618164e+00
1.398638057708740234e+01 4.427827835083007812e+00
1.596054649353027344e+01 4.224384784698486328e+00
1.283342933654785156e+01 4.290878772735595703e+00
1.312385368347167969e+01 5.110520362854003906e+00
1.199262714385986328e+01 4.042200565338134766e+00
1.404585266113281250e+01 3.272589683532714844e+00
1.595455169677734375e+01 2.528760194778442383e+00
1.299853420257568359e+01 4.587437629699707031e+00
1.336068725585937500e+01 2.568104267120361328e+00
1.579270076751708984e+01 3.285846471786499023e+00
1.702004051208496094e+01 2.130450487136840820e+00
1.683511543273925781e+01 3.012114048004150391e+00
1.257497787475585938e+01 5.233485698699951172e+00
1.390587234497070312e+01 4.916219711303710938e+00
1.377799224853515625e+01 3.640667200088500977e+00
1.199955940246582031e+01 4.516642570495605469e+00
1.158720588684082031e+01 4.801212310791015625e+00
1.188158702850341797e+01 5.988472938537597656e+00
1.194728374481201172e+01 3.004334449768066406e+00
1.542787265777587891e+01 4.237536907196044922e+00
1.669952774047851562e+01 2.948112726211547852e+00
1.595899200439453125e+01 1.612740278244018555e+00
1.208940792083740234e+01 2.880087375640869141e+00
1.282850646972656250e+01 2.967256784439086914e+00
1.617384910583496094e+01 2.823571860790252686e-01
1.532103919982910156e+01 4.295475006103515625e+00
1.239603042602539062e+01 4.611383438110351562e+00
1.359115695953369141e+01 4.097136020660400391e+00
1.280696392059326172e+01 4.892897605895996094e+00
1.397677326202392578e+01 4.053436756134033203e+00
1.500712776184082031e+01 4.453721523284912109e+00
1.155637454986572266e+01 3.244213819503784180e+00
1.435340118408203125e+01 1.109773993492126465e+00
1.313485813140869141e+01 3.038265228271484375e+00
1.480498600006103516e+01 2.293042421340942383e+00
1.230051612854003906e+01 4.748507022857666016e+00
1.379087448120117188e+01 2.288866043090820312e+00
1.269563579559326172e+01 4.011588096618652344e+00
1.688953018188476562e+01 3.199989795684814453e+00
1.205285072326660156e+01 3.165290117263793945e+00
1.212841033935546875e+01 2.589418172836303711e+00
1.269750976562500000e+01 5.328466415405273438e+00
1.134639167785644531e+01 4.958350181579589844e+00
1.372576999664306641e+01 3.534305334091186523e+00
1.494390869140625000e+01 3.290404319763183594e+00
1.586781883239746094e+01 1.601547479629516602e+00
1.532062911987304688e+01 2.488961458206176758e+00
1.448697757720947266e+01 4.840367794036865234e+00
1.191747951507568359e+01 4.540966987609863281e+00
1.368459606170654297e+01 5.021427154541015625e+00
1.671186828613281250e+01 1.727889418601989746e+00
1.155903053283691406e+01 3.495646476745605469e+00
1.472893524169921875e+01 4.605719566345214844e+00
1.639250946044921875e+01 2.202366590499877930e+00
1.267518901824951172e+01 2.396231174468994141e+00
1.578974056243896484e+01 4.343820095062255859e+00
1.322264766693115234e+01 2.846360921859741211e+00
1.486932754516601562e+01 3.679883241653442383e+00
1.491991710662841797e+01 4.396534919738769531e+00
1.144052314758300781e+01 3.271253347396850586e+00
1.167379856109619141e+01 5.434548377990722656e+00
1.421525382995605469e+01 4.414313793182373047e+00
1.424269008636474609e+01 5.194340229034423828e+00
1.189764213562011719e+01 2.451062202453613281e+00
1.580509853363037109e+01 3.130515217781066895e-01
1.562176132202148438e+01 3.767465114593505859e+00
1.399523544311523438e+01 3.226465463638305664e+00
1.336647987365722656e+01 4.962567806243896484e+00
1.229898357391357422e+01 1.819050431251525879e+00
1.280524253845214844e+01 3.358189105987548828e+00
1.283891963958740234e+01 4.829481124877929688e+00
1.476814651489257812e+01 2.589599609375000000e+00
1.478861141204833984e+01 2.704036474227905273e+00
1.495466232299804688e+01 4.975953578948974609e+00
1.320773601531982422e+01 4.717450141906738281e+00
1.191823768615722656e+01 2.545165061950683594e+00
1.238320827484130859e+01 5.431150436401367188e+00
1.281500816345214844e+01 4.575913906097412109e+00
1.607001686096191406e+01 9.052747488021850586e-01
1.422034931182861328e+01 5.061441898345947266e+00
1.541560745239257812e+01 1.883077263832092285e+00
1.161411190032958984e+01 3.660571575164794922e+00
1.550303840637207031e+01 3.484316349029541016e+00
1.495048713684082031e+01 1.737149119377136230e+00
1.201431560516357422e+01 2.259433984756469727e+00
1.156856060028076172e+01 5.263836860656738281e+00
1.133401775360107422e+01 4.471737384796142578e+00
1.330063724517822266e+01 4.842988491058349609e+00
1.472196483612060547e+01 4.608860492706298828e+00
1.289112377166748047e+01 3.883367300033569336e+00
1.636217308044433594e+01 2.998879194259643555e+00
1.402567481994628906e+01 3.539219856262207031e+00
1.155306053161621094e+01 5.471214771270751953e+00
1.477606964111328125e+01 3.504904985427856445e+00
1.462153816223144531e+01 2.730209589004516602e+00
1.504691791534423828e+01 3.207416057586669922e+00
1.599582672119140625e+01 4.275044441223144531e+00
1.221858406066894531e+01 2.216058731079101562e+00
1.528692245483398438e+01 4.090110301971435547e+00
1.457452106475830078e+01 4.616909980773925781e+00
1.507015132904052734e+01 4.367458343505859375e+00
1.547235488891601562e+01 3.653262615203857422e+00
1.192033576965332031e+01 2.786999702453613281e+00
1.362752151489257812e+01 4.338155746459960938e+00
1.253992080688476562e+01 4.163774490356445312e+00
1.679563903808593750e+01 3.190022468566894531e+00
1.698701858520507812e+01 2.900008440017700195e+00
1.184289741516113281e+01 5.080669403076171875e+00
1.218263339996337891e+01 3.157927036285400391e+00
1.522909355163574219e+01 3.549645185470581055e+00
1.244925308227539062e+01 4.257174015045166016e+00
1.214531517028808594e+01 6.164616584777832031e+00
1.379648017883300781e+01 5.187786579132080078e+00
1.265606307983398438e+01 4.982598304748535156e+00
1.622085762023925781e+01 4.104070186614990234e+00
1.511460399627685547e+01 5.130254268646240234e+00
1.106120014190673828e+01 4.578617572784423828e+00
1.329851150512695312e+01 2.380894660949707031e+00
1.328705978393554688e+01 3.738063812255859375e+00
1.402481651306152344e+01 3.299753665924072266e+00
1.191045951843261719e+01 5.052391529083251953e+00
1.618049812316894531e+01 2.846918344497680664e+00
1.399525260925292969e+01 3.200228929519653320e+00
1.543117809295654297e+01 3.292914390563964844e+00
1.203427314758300781e+01 4.360783100128173828e+00
1.125785923004150391e+01 4.916058540344238281e+00
1.434001922607421875e+01 2.019713640213012695e+00
1.318029975891113281e+01 5.929291725158691406e+00
1.632751274108886719e+01 3.061384916305541992e+00
1.371366024017333984e+01 3.466942787170410156e+00
1.555178356170654297e+01 3.532952547073364258e+00
1.182728004455566406e+01 3.059246540069580078e+00
1.492738914489746094e+01 1.704407334327697754e+00
1.238080596923828125e+01 5.367152214050292969e+00
1.242422580718994141e+01 5.388266563415527344e+00
1.157682228088378906e+01 3.690088510513305664e+00
1.204799652099609375e+01 4.946029186248779297e+00
1.188672542572021484e+01 2.687102794647216797e+00
1.512479782104492188e+01 1.727425217628479004e+00
1.212617588043212891e+01 2.770462036132812500e+00
1.399288272857666016e+01 4.872459888458251953e+00
1.193435955047607422e+01 2.804888010025024414e+00
1.499946498870849609e+01 3.674165487289428711e+00
1.502710819244384766e+01 2.593247652053833008e+00
1.599051570892333984e+01 3.362664461135864258e+00
1.302619838714599609e+01 3.171850442886352539e+00
1.402465915679931641e+01 4.311615467071533203e+00
1.238151645660400391e+01 3.284402132034301758e+00
1.626904678344726562e+01 3.301578760147094727e+00
1.255481719970703125e+01 3.911301851272583008e+00
1.276507949829101562e+01 3.652651786804199219e+00
1.374596881866455078e+01 6.029643058776855469e+00
1.233503055572509766e+01 1.855292201042175293e+00
1.259464359283447266e+01 5.350535392761230469e+00
1.677857398986816406e+01 2.840348482131958008e+00
1.600705718994140625e+01 3.096667766571044922e+00
1.627672195434570312e+01 3.846223115921020508e+00
1.421190452575683594e+01 3.022312164306640625e+00
1.208547782897949219e+01 5.521867752075195312e+00
1.316876888275146484e+01 3.254572629928588867e+00
1.290381717681884766e+01 4.499190807342529297e+00
1.523342227935791016e+01 3.801552534103393555e+00
1.402493572235107422e+01 3.252937078475952148e+00
1.268533992767333984e+01 4.560667037963867188e+00
1.271337223052978516e+01 4.138590812683105469e+00
1.340542411804199219e+01 4.571161270141601562e+00
1.274297142028808594e+01 3.841444969177246094e+00
1.426583576202392578e+01 2.751575231552124023e+00
1.171784973144531250e+01 5.050564289093017578e+00
1.227455711364746094e+01 4.586555004119873047e+00
1.697239685058593750e+01 2.758800983428955078e+00
1.374213123321533203e+01 3.395250320434570312e+00
1.191587734222412109e+01 2.497860670089721680e+00
1.520253467559814453e+01 2.015772581100463867e+00
1.210212993621826172e+01 4.106456756591796875e+00
1.716081428527832031e+01 3.602491140365600586e+00
1.203150177001953125e+01 5.805524826049804688e+00
1.622251892089843750e+01 -1.518002152442932129e-01
1.186264896392822266e+01 3.289711236953735352e+00
1.691197204589843750e+01 3.305491209030151367e+00
1.726830673217773438e+01 3.578372955322265625e+00
1.419483375549316406e+01 5.218738555908203125e+00
1.329254341125488281e+01 4.967327117919921875e+00
1.592186737060546875e+01 1.644743919372558594e+00
1.309899997711181641e+01 5.191291809082031250e+00
1.220058631896972656e+01 5.036106109619140625e+00
1.193391418457031250e+01 3.989972591400146484e+00
1.572983932495117188e+01 3.736973047256469727e+00
1.271895408630371094e+01 4.196922779083251953e+00
1.665105628967285156e+01 3.678184449672698975e-01
1.186872291564941406e+01 3.483798265457153320e+00
1.410091876983642578e+01 4.506443500518798828e+00
1.461250782012939453e+01 2.010584831237792969e+00
1.321140670776367188e+01 2.414375066757202148e+00
1.429408931732177734e+01 4.318807125091552734e+00
1.418261337280273438e+01 3.116658210754394531e+00
1.235291767120361328e+01 5.965586185455322266e+00
1.370974254608154297e+01 3.146259307861328125e+00
1.452650356292724609e+01 1.675841331481933594e+00
1.205488872528076172e+01 4.133618831634521484e+00
1.284237003326416016e+01 4.384398460388183594e+00
1.175404834747314453e+01 4.329629898071289062e+00
1.148743534088134766e+01 5.387761116027832031e+00
1.241129779815673828e+01 5.557973384857177734e+00
1.361090946197509766e+01 5.083851814270019531e+00
1.186053180694580078e+01 3.254723310470581055e+00
1.646253013610839844e+01 3.701942205429077148e+00
1.418803977966308594e+01 1.709221363067626953e+00
1.262122917175292969e+01 5.856281280517578125e+00
1.221849155426025391e+01 5.747354984283447266e+00
1.585651874542236328e+01 3.753220558166503906e+00
1.300348091125488281e+01 4.417806148529052734e+00
1.304506301879882812e+01 4.785964488983154297e+00
1.533786296844482422e+01 3.142835617065429688e+00
1.287538909912109375e+01 4.943731784820556641e+00
1.387206649780273438e+01 3.141180992126464844e+00
1.281003570556640625e+01 4.150343418121337891e+00
1.270753479003906250e+01 3.393395900726318359e+00
1.502937602996826172e+01 4.092221260070800781e+00
1.179465103149414062e+01 3.784561395645141602e+00
1.208761978149414062e+01 5.652615547180175781e+00
1.396656417846679688e+01 4.061529636383056641e+00
1.557231140136718750e+01 3.449281692504882812e+00
1.268739604949951172e+01 4.626677513122558594e+00
1.196466541290283203e+01 3.320114374160766602e+00
1.254961872100830078e+01 5.724918365478515625e+00
1.476328754425048828e+01 5.206673622131347656e+00
1.181309700012207031e+01 2.960046768188476562e+00
1.234151744842529297e+01 1.874768733978271484e+00
1.639300537109375000e+01 1.653648138046264648e+00
1.159081840515136719e+01 4.602452754974365234e+00
1.228956508636474609e+01 3.939521312713623047e+00
1.213456630706787109e+01 3.514306783676147461e+00
1.432626342773437500e+01 4.296262741088867188e+00
1.172174644470214844e+01 5.172978878021240234e+00
1.260043525695800781e+01 2.241120576858520508e+00
1.388736629486083984e+01 3.413913011550903320e+00
1.342900180816650391e+01 2.382909774780273438e+00
1.274768733978271484e+01 5.666745185852050781e+00
1.309874439239501953e+01 3.858672857284545898e+00
1.243130302429199219e+01 5.835569858551025391e+00
1.609007263183593750e+01 3.318005561828613281e+00
1.278196811676025391e+01 4.326719284057617188e+00
1.444735527038574219e+01 1.890106081962585449e+00
1.300098419189453125e+01 5.675634860992431641e+00
1.472413253784179688e+01 4.570322990417480469e+00
1.391017341613769531e+01 5.883814334869384766e+00
1.311884403228759766e+01 4.963551998138427734e+00
1.264540386199951172e+01 4.490781784057617188e+00
1.492498397827148438e+01 2.083324193954467773e+00
1.279309177398681641e+01 2.553846597671508789e+00
1.213774394989013672e+01 5.802864074707031250e+00
1.354089164733886719e+01 4.875207901000976562e+00
1.555357742309570312e+01 3.674428224563598633e+00
1.188348865509033203e+01 4.414120197296142578e+00
1.329293346405029297e+01 4.356626033782958984e+00
1.237409400939941406e+01 5.898810863494873047e+00
1.144615364074707031e+01 5.752291202545166016e+00
1.404792690277099609e+01 5.174364566802978516e+00
1.487436771392822266e+01 2.118101835250854492e+00
1.230154609680175781e+01 4.550511837005615234e+00
1.706621551513671875e+01 3.656210422515869141e+00
1.391442871093750000e+01 2.476717472076416016e+00
1.405120182037353516e+01 4.789880275726318359e+00
1.673219490051269531e+01 3.250858783721923828e+00
1.601730918884277344e+01 3.331556558609008789e+00
1.428957080841064453e+01 5.339214324951171875e+00
1.139195919036865234e+01 4.339106559753417969e+00
1.554849052429199219e+01 2.613696336746215820e+00
1.390683364868164062e+01 2.586891174316406250e+00
1.528945350646972656e+01 3.978538513183593750e+00
1.265075397491455078e+01 5.065489768981933594e+00
1.430525588989257812e+01 4.594810962677001953e+00
1.174453544616699219e+01 5.102976322174072266e+00
1.403358650207519531e+01 5.607182502746582031e+00
1.190429306030273438e+01 4.405391216278076172e+00
1.419674110412597656e+01 1.777414560317993164e+00
1.147058773040771484e+01 5.444572925567626953e+00
1.584957790374755859e+01 4.093359470367431641e+00
1.470221138000488281e+01 2.267421960830688477e+00
1.212682819366455078e+01 5.737207412719726562e+00
1.685957908630371094e+01 3.558555126190185547e+00
1.315853881835937500e+01 2.093992233276367188e+00
1.314887142181396484e+01 4.616166591644287109e+00
1.195001602172851562e+01 4.812054157257080078e+00
1.418770313262939453e+01 4.848205566406250000e+00
1.231137847900390625e+01 2.645907163619995117e+00
1.399189662933349609e+01 3.320888519287109375e+00
1.530391883850097656e+01 4.317981243133544922e+00
1.431866359710693359e+01 2.808585643768310547e+00
1.597991943359375000e+01 2.995325803756713867e+00
1.186804199218750000e+01 3.364755630493164062e+00
1.111057758331298828e+01 4.625041007995605469e+00
1.332695674896240234e+01 2.339168310165405273e+00
1.302517223358154297e+01 6.211879730224609375e+00
1.433962440490722656e+01 5.375865936279296875e+00
1.415648365020751953e+01 4.402703285217285156e+00
1.379293823242187500e+01 4.484560012817382812e+00
1.280671882629394531e+01 2.491870641708374023e+00
1.259115409851074219e+01 3.611776828765869141e+00
1.287125205993652344e+01 5.569188117980957031e+00
1.679008865356445312e+01 1.950480341911315918e+00
1.608267593383789062e+01 -2.478350698947906494e-01
1.307348251342773438e+01 5.875827789306640625e+00
1.197661590576171875e+01 3.970348358154296875e+00
1.251081752777099609e+01 3.313933134078979492e+00
1.638313484191894531e+01 3.582291603088378906e+00
1.706898880004882812e+01 3.734686851501464844e+00
1.563384151458740234e+01 3.767021894454956055e+00
1.113213253021240234e+01 4.608927726745605469e+00
1.560072517395019531e+01 1.829597830772399902e+00
1.341008758544921875e+01 4.771553516387939453e+00
1.194598007202148438e+01 3.333595991134643555e+00
1.226501464843750000e+01 4.299283981323242188e+00
1.672220230102539062e+01 2.804755926132202148e+00
1.236543655395507812e+01 6.053004741668701172e+00
1.300251388549804688e+01 2.529117584228515625e+00
1.296618175506591797e+01 6.363337993621826172e+00
1.433555126190185547e+01 5.107030391693115234e+00
1.394914340972900391e+01 1.838741898536682129e+00
1.175025749206542969e+01 4.506060123443603516e+00
1.255357074737548828e+01 2.932336807250976562e+00
1.258455181121826172e+01 5.906159400939941406e+00
1.410151767730712891e+01 4.637502193450927734e+00
1.203241634368896484e+01 4.606735706329345703e+00
1.583146095275878906e+01 3.058588266372680664e+00
1.201146125793457031e+01 4.628350734710693359e+00
1.224533653259277344e+01 4.031254768371582031e+00
1.417602062225341797e+01 4.230537414550781250e+00
1.658608245849609375e+01 2.885415554046630859e+00
1.105043506622314453e+01 5.127978801727294922e+00
1.302526473999023438e+01 2.663364410400390625e+00
1.266076183319091797e+01 6.317881584167480469e+00
1.346868228912353516e+01 5.744569301605224609e+00
1.414953422546386719e+01 5.529151916503906250e+00
1.519028377532958984e+01 4.575042247772216797e+00
1.273274040222167969e+01 5.930413722991943359e+00
1.310912990570068359e+01 3.061490297317504883e+00
1.279796314239501953e+01 3.865385293960571289e+00
1.142884540557861328e+01 4.324732780456542969e+00
1.459587669372558594e+01 4.195314884185791016e+00
1.220965576171875000e+01 2.394845962524414062e+00
1.413498497009277344e+01 2.138533115386962891e+00
1.299891090393066406e+01 6.305821418762207031e+00
1.538701629638671875e+01 3.745095014572143555e+00
1.346862125396728516e+01 5.164035320281982422e+00
1.103794860839843750e+01 5.223506927490234375e+00
1.508479022979736328e+01 3.665382146835327148e+00
1.298198986053466797e+01 4.605552196502685547e+00
1.457064723968505859e+01 3.758415222167968750e+00
1.244689464569091797e+01 6.069162845611572266e+00
1.430661392211914062e+01 2.107736349105834961e+00
1.374963569641113281e+01 3.445170879364013672e+00
1.254295921325683594e+01 2.634202957153320312e+00
1.247696208953857422e+01 5.896214485168457031e+00
1.208704853057861328e+01 4.537070274353027344e+00
1.232319068908691406e+01 4.461118698120117188e+00
1.350502967834472656e+01 5.312881946563720703e+00
1.151459026336669922e+01 4.397498607635498047e+00
1.310107517242431641e+01 4.979940414428710938e+00
1.179578399658203125e+01 2.945781230926513672e+00
1.104282665252685547e+01 5.119832992553710938e+00
1.191401195526123047e+01 4.811339378356933594e+00
1.354075622558593750e+01 3.435177087783813477e+00
1.560866069793701172e+01 3.943507909774780273e+00
1.160252761840820312e+01 5.070888519287109375e+00
1.283048057556152344e+01 6.260264873504638672e+00
1.258969306945800781e+01 4.379084110260009766e+00
1.315209674835205078e+01 6.308562755584716797e+00
1.282599163055419922e+01 2.721471786499023438e+00
1.375247001647949219e+01 5.975522994995117188e+00
1.184923744201660156e+01 4.868237018585205078e+00
1.247742271423339844e+01 2.677490472793579102e+00
1.192907524108886719e+01 6.025243282318115234e+00
1.195756912231445312e+01 2.813743591308593750e+00
1.169827651977539062e+01 5.585900306701660156e+00
1.610249328613281250e+01 3.529973030090332031e+00
1.629325485229492188e+01 3.261398553848266602e+00
1.419903087615966797e+01 1.740865826606750488e+00
1.617650222778320312e+01 3.754805564880371094e+00
1.302803611755371094e+01 5.929862022399902344e+00
1.257814311981201172e+01 6.161049365997314453e+00
1.516081905364990234e+01 3.852963209152221680e+00
1.273543739318847656e+01 6.330474853515625000e+00
1.209434127807617188e+01 3.502146005630493164e+00
1.425613594055175781e+01 2.826328039169311523e+00
1.270916461944580078e+01 2.294022083282470703e+00
1.181063175201416016e+01 4.378448009490966797e+00
1.306715583801269531e+01 5.718172550201416016e+00
1.111866474151611328e+01 5.203526973724365234e+00
1.285765266418457031e+01 6.375651359558105469e+00
1.238453292846679688e+01 4.695680618286132812e+00
1.190791606903076172e+01 4.664659500122070312e+00
1.209477710723876953e+01 2.637080192565917969e+00
1.438204383850097656e+01 1.761160254478454590e+00
1.543587398529052734e+01 3.572333097457885742e+00
1.210210037231445312e+01 3.335033178329467773e+00
1.142024326324462891e+01 5.703446865081787109e+00
1.217181491851806641e+01 5.089442729949951172e+00
1.417117118835449219e+01 4.258411884307861328e+00
1.151768016815185547e+01 5.230188846588134766e+00
1.641454887390136719e+01 3.520074605941772461e+00
1.354529666900634766e+01 2.950633287429809570e+00
1.308727645874023438e+01 2.408533334732055664e+00
1.225356197357177734e+01 5.805443286895751953e+00
1.366735076904296875e+01 2.968167781829833984e+00
1.279911613464355469e+01 2.263922929763793945e+00
1.259005546569824219e+01 6.319040298461914062e+00
1.437671375274658203e+01 5.063275337219238281e+00
1.492976188659667969e+01 3.936722278594970703e+00
1.220947647094726562e+01 5.241043090820312500e+00
1.321881961822509766e+01 5.993440151214599609e+00
1.267611217498779297e+01 6.281535148620605469e+00
1.221678256988525391e+01 2.785990238189697266e+00
1.322753143310546875e+01 5.369424819946289062e+00
1.457859611511230469e+01 3.683513879776000977e+00
1.154550743103027344e+01 3.051151752471923828e+00
1.278984642028808594e+01 2.391163110733032227e+00
1.180305576324462891e+01 2.891761779785156250e+00
1.357629299163818359e+01 3.206888198852539062e+00
1.273867416381835938e+01 2.470319747924804688e+00
1.200677680969238281e+01 2.654342174530029297e+00
1.560542011260986328e+01 2.786314189434051514e-01
1.628051948547363281e+01 2.933801174163818359e+00
1.219897556304931641e+01 6.187560081481933594e+00
1.272854518890380859e+01 5.433856487274169922e+00
1.270270156860351562e+01 2.391407728195190430e+00
1.426040458679199219e+01 2.772803783416748047e+00
1.489425277709960938e+01 4.223816871643066406e+00
1.177844142913818359e+01 4.618362426757812500e+00
1.512747478485107422e+01 3.683568954467773438e+00
1.561260318756103516e+01 3.109917640686035156e+00
1.143076419830322266e+01 5.141036987304687500e+00
1.565245151519775391e+01 3.397366046905517578e+00
1.260035991668701172e+01 5.082532882690429688e+00
1.257627201080322266e+01 6.042209625244140625e+00
1.330294227600097656e+01 2.925413608551025391e+00
1.176448631286621094e+01 3.384880781173706055e+00
1.211695194244384766e+01 3.891389131546020508e+00
1.608634376525878906e+01 2.252251863479614258e+00
1.242144584655761719e+01 4.782960414886474609e+00
1.349125576019287109e+01 2.367194890975952148e+00
1.181831455230712891e+01 3.113315820693969727e+00
1.441938781738281250e+01 2.189220666885375977e+00
1.167890644073486328e+01 5.277628898620605469e+00
1.536615943908691406e+01 3.774669647216796875e+00
1.268717384338378906e+01 2.335099697113037109e+00
1.212620735168457031e+01 2.830668926239013672e+00
1.238300991058349609e+01 2.848710298538208008e+00
1.542249584197998047e+01 3.680758237838745117e+00
1.547236156463623047e+01 3.711683750152587891e+00
1.218415069580078125e+01 1.923451304435729980e+00
1.438191032409667969e+01 4.273754119873046875e+00
1.277480983734130859e+01 4.708279132843017578e+00
1.541610527038574219e+01 3.553227424621582031e+00
1.426379871368408203e+01 5.062541007995605469e+00
1.474957752227783203e+01 3.519450664520263672e+00
1.474749183654785156e+01 2.897202730178833008e+00
1.464556121826171875e+01 4.773268222808837891e+00
1.356484985351562500e+01 5.697139739990234375e+00
1.513070964813232422e+01 2.117317438125610352e+00
1.178177738189697266e+01 5.002317905426025391e+00
1.253045845031738281e+01 4.236734867095947266e+00
1.224965953826904297e+01 3.672125101089477539e+00
1.260348129272460938e+01 3.472606897354125977e+00
1.288944244384765625e+01 5.721501827239990234e+00
1.368838119506835938e+01 3.340173244476318359e+00
1.178292083740234375e+01 5.638857841491699219e+00
1.566765594482421875e+01 -3.026724420487880707e-02
1.220449161529541016e+01 5.343498706817626953e+00
1.226382541656494141e+01 4.438570976257324219e+00
1.221250438690185547e+01 4.559494018554687500e+00
1.579464530944824219e+01 4.158070087432861328e+00
1.457461452484130859e+01 4.924351215362548828e+00
1.278225517272949219e+01 2.810444593429565430e+00
1.229160499572753906e+01 3.675944805145263672e+00
1.531295299530029297e+01 3.692799091339111328e+00
1.276430797576904297e+01 6.338638305664062500e+00
1.554422473907470703e+01 3.859505414962768555e+00
1.214757156372070312e+01 5.722096920013427734e+00
1.224120807647705078e+01 5.168695926666259766e+00
1.396259117126464844e+01 1.790148735046386719e+00
1.526942157745361328e+01 2.017870426177978516e+00
1.280334281921386719e+01 2.236541509628295898e+00
1.207901191711425781e+01 2.831164360046386719e+00
1.283093452453613281e+01 6.388706684112548828e+00
1.445015525817871094e+01 5.265063285827636719e+00
1.277641201019287109e+01 5.442690849304199219e+00
1.398376655578613281e+01 4.670808315277099609e+00
1.308716392517089844e+01 5.956176280975341797e+00
1.397413635253906250e+01 1.712893724441528320e+00
1.428974342346191406e+01 2.912936925888061523e+00
1.443377876281738281e+01 1.135349631309509277e+00
1.196425819396972656e+01 5.051785945892333984e+00
1.385921573638916016e+01 5.957490444183349609e+00
1.492145919799804688e+01 1.854619860649108887e+00
1.288821506500244141e+01 4.904101848602294922e+00
1.313420200347900391e+01 2.053175449371337891e+00
1.193124866485595703e+01 4.992199897766113281e+00
1.282367992401123047e+01 2.353650093078613281e+00
1.291137886047363281e+01 5.408522605895996094e+00
1.322290515899658203e+01 3.183066606521606445e+00
1.217360591888427734e+01 5.589452743530273438e+00
1.263871383666992188e+01 6.031028270721435547e+00
1.580762386322021484e+01 -8.467949926853179932e-02
1.189208889007568359e+01 5.981161117553710938e+00
1.250684642791748047e+01 2.189103126525878906e+00
1.296827220916748047e+01 6.188804626464843750e+00
1.376155853271484375e+01 4.735000610351562500e+00
1.375134563446044922e+01 2.651165962219238281e+00
1.151860809326171875e+01 5.792639255523681641e+00
1.329445171356201172e+01 2.380837440490722656e+00
1.271395969390869141e+01 2.315422296524047852e+00
1.293413352966308594e+01 2.422412395477294922e+00
1.275554370880126953e+01 6.317018032073974609e+00
